# oST version 5.0 parameters


[image]

width
1440

height
1080

[narrow_stereo]

camera matrix
1793.804976 0.000000 730.960357
0.000000 1792.634372 553.814636
0.000000 0.000000 1.000000

distortion
-0.069838 0.120297 0.000263 -0.000994 0.000000

rectification
1.000000 0.000000 0.000000
0.000000 1.000000 0.000000
0.000000 0.000000 1.000000

projection
1779.140573 0.000000 730.192596 0.000000
0.000000 1782.963671 554.072094 0.000000
0.000000 0.000000 1.000000 0.000000
